x, z, yHeight, isWater (0 no water, 1 water), soilType (0=Neutral, 1=Wet, 2=Dry, 3=Sandy, 4=Clay, 5=Rocky, 6=Arid, 7=Polar) each point is 1m, Soil moisture
0 0 250 0 0 65
1 0 250 0 0 65
2 0 250 0 0 67
3 0 250 0 0 70
4 0 250 0 0 72
5 0 250 0 0 65
0 1 250 0 3 59
1 1 250 0 0 67
2 1 250 0 0 65
3 1 250 0 0 65
4 1 250 0 0 67
5 1 250 0 0 71
0 2 250 0 0 68
1 2 250 0 0 70
2 2 250 0 0 72
3 2 250 0 0 74
4 2 250 0 0 75
5 2 250 0 0 76
0 3 250 0 0 69
1 3 250 0 0 71
2 3 250 0 0 72
3 3 250 0 0 74
4 3 250 0 0 75
5 3 250 0 0 77
0 4 250 0 0 66
1 4 250 0 0 68
2 4 250 0 0 70
3 4 250 0 0 71
4 4 250 0 0 73
5 4 250 0 0 74